Ftotden:
          chr  pos ci.low ci.high  lod pval
c7.loc74    7 76.7  68.71    86.7 5.74 0.00
D9Mit18     9 71.5  59.80    71.5 6.58 0.00
c11.loc34  11 38.7  22.70    46.7 7.48 0.00
c12.loc26  12 31.5   9.52    49.5 3.58 0.02

P:
          chr  pos ci.low ci.high  lod pval
c5.loc30    5 32.6  18.62    46.6 5.55    0
c9.loc22    9 39.8  25.80    53.5 4.67    0
c11.loc70  11 74.7  60.70    83.0 4.66    0
c12.loc8   12 13.5   5.52    21.5 8.79    0

CrtThk:
          chr  pos ci.low ci.high  lod pval
c4.loc64    4 67.6  53.60    69.1 5.43 0.00
c7.loc74    7 76.7  67.27    86.7 3.93 0.00
c9.loc22    9 39.8  27.80    65.8 5.05 0.00
c11.loc6   11 10.7   4.70    24.7 5.37 0.00
c12.loc8   12 13.5   5.52    29.5 6.22 0.00
c13.loc58  13 63.9  13.92    65.4 3.28 0.04
c18.loc30  18 48.0  30.04    57.5 4.66 0.00

